SubjectID TrialNum Amplitude Width StartPos TargetPos Time Success CursorPos (x, y)
13 1 555 100 (869,508) (360,286) 19 1 (879,512) ß-- cursor position when the start button is clicked.
13 1 555 100 (869,508) (360,286) 37 1 (879,512)
13 1 555 100 (869,508) (360,286) 43 1 (879,512)
13 1 555 100 (869,508) (360,286) 63 1 (879,512)
13 1 555 100 (869,508) (360,286) 83 1 (879,512)
13 1 555 100 (869,508) (360,286) 91 1 (879,512)
13 1 555 100 (869,508) (360,286) 110 1 (879,512)
13 1 555 100 (869,508) (360,286) 121 1 (879,512)
13 1 555 100 (869,508) (360,286) 138 1 (879,512)
13 1 555 100 (869,508) (360,286) 157 1 (879,512)
13 1 555 100 (869,508) (360,286) 177 1 (879,512)
13 1 555 100 (869,508) (360,286) 186 1 (879,512)
13 1 555 100 (869,508) (360,286) 205 1 (879,512)
13 1 555 100 (869,508) (360,286) 216 1 (879,512)
13 1 555 100 (869,508) (360,286) 232 1 (879,512)
13 1 555 100 (869,508) (360,286) 251 1 (879,512)
13 1 555 100 (869,508) (360,286) 271 1 (879,512)
13 1 555 100 (869,508) (360,286) 278 1 (879,512)
13 1 555 100 (869,508) (360,286) 297 1 (879,512)
13 1 555 100 (869,508) (360,286) 317 1 (879,512)
13 1 555 100 (869,508) (360,286) 324 1 (879,512)
13 1 555 100 (869,508) (360,286) 341 1 (879,512)
13 1 555 100 (869,508) (360,286) 362 1 (879,512)
13 1 555 100 (869,508) (360,286) 373 1 (879,512)
13 1 555 100 (869,508) (360,286) 392 1 (879,512)
13 1 555 100 (869,508) (360,286) 402 1 (879,512)
13 1 555 100 (869,508) (360,286) 419 1 (879,512)
13 1 555 100 (869,508) (360,286) 438 1 (879,512)
13 1 555 100 (869,508) (360,286) 458 1 (879,512)
13 1 555 100 (869,508) (360,286) 467 1 (879,512)
13 1 555 100 (869,508) (360,286) 486 1 (879,512)
13 1 555 100 (869,508) (360,286) 496 1 (879,512)
13 1 555 100 (869,508) (360,286) 513 1 (879,512)
13 1 555 100 (869,508) (360,286) 531 1 (879,512)
13 1 555 100 (869,508) (360,286) 551 1 (879,512)
13 1 555 100 (869,508) (360,286) 558 1 (879,512)
13 1 555 100 (869,508) (360,286) 578 1 (879,512)
13 1 555 100 (869,508) (360,286) 598 1 (879,512)
13 1 555 100 (869,508) (360,286) 606 1 (879,512)
13 1 555 100 (869,508) (360,286) 622 1 (879,512)
13 1 555 100 (869,508) (360,286) 641 1 (879,512)
13 1 555 100 (869,508) (360,286) 653 1 (879,512)
13 1 555 100 (869,508) (360,286) 673 1 (879,512)
13 1 555 100 (869,508) (360,286) 683 1 (879,512)
13 1 555 100 (869,508) (360,286) 700 1 (879,512)
13 1 555 100 (869,508) (360,286) 719 1 (879,512)
13 1 555 100 (869,508) (360,286) 739 1 (879,512)
13 1 555 100 (869,508) (360,286) 745 1 (879,512)
13 1 555 100 (869,508) (360,286) 765 1 (877,511)
13 1 555 100 (869,508) (360,286) 785 1 (857,499)
13 1 555 100 (869,508) (360,286) 793 1 (857,499)
13 1 555 100 (869,508) (360,286) 812 1 (815,477)
13 1 555 100 (869,508) (360,286) 833 1 (775,460)
13 1 555 100 (869,508) (360,286) 841 1 (775,460)
13 1 555 100 (869,508) (360,286) 860 1 (738,443)
13 1 555 100 (869,508) (360,286) 871 1 (719,433)
13 1 555 100 (869,508) (360,286) 886 1 (700,424)
13 1 555 100 (869,508) (360,286) 906 1 (669,408)
13 1 555 100 (869,508) (360,286) 933 1 (653,398)
13 1 555 100 (869,508) (360,286) 953 1 (647,394)
13 1 555 100 (869,508) (360,286) 980 1 (645,392)
13 1 555 100 (869,508) (360,286) 999 1 (645,391)
13 1 555 100 (869,508) (360,286) 1019 1 (643,390)
13 1 555 100 (869,508) (360,286) 1026 1 (642,390)
13 1 555 100 (869,508) (360,286) 1046 1 (641,389)
13 1 555 100 (869,508) (360,286) 1066 1 (637,388)
13 1 555 100 (869,508) (360,286) 1093 1 (630,388)
13 1 555 100 (869,508) (360,286) 1113 1 (622,387)
13 1 555 100 (869,508) (360,286) 1121 1 (622,387)
13 1 555 100 (869,508) (360,286) 1137 1 (618,387)
13 1 555 100 (869,508) (360,286) 1155 1 (618,387)
13 1 555 100 (869,508) (360,286) 1168 1 (618,387)
13 1 555 100 (869,508) (360,286) 1187 1 (618,387)
13 1 555 100 (869,508) (360,286) 1207 1 (618,387)
13 1 555 100 (869,508) (360,286) 1214 1 (618,387)
13 1 555 100 (869,508) (360,286) 1233 1 (618,387)
13 1 555 100 (869,508) (360,286) 1253 1 (618,387)
13 1 555 100 (869,508) (360,286) 1260 1 (618,387)
13 1 555 100 (869,508) (360,286) 1280 1 (618,387)
13 1 555 100 (869,508) (360,286) 1300 1 (618,387)
13 1 555 100 (869,508) (360,286) 1308 1 (618,387)
13 1 555 100 (869,508) (360,286) 1327 1 (618,387)
13 1 555 100 (869,508) (360,286) 1347 1 (618,387)
13 1 555 100 (869,508) (360,286) 1356 1 (618,387)
13 1 555 100 (869,508) (360,286) 1385 1 (604,382)
13 1 555 100 (869,508) (360,286) 1401 1 (543,357)
13 1 555 100 (869,508) (360,286) 1421 1 (507,344)
13 1 555 100 (869,508) (360,286) 1441 1 (445,321)
13 1 555 100 (869,508) (360,286) 1448 1 (445,321)
13 1 555 100 (869,508) (360,286) 1463 1 (401,306)
13 1 555 100 (869,508) (360,286) 1483 1 (384,299)
13 1 555 100 (869,508) (360,286) 1494 1 (370,293)
13 1 555 100 (869,508) (360,286) 1514 1 (356,287)
13 1 555 100 (869,508) (360,286) 1526 1 (351,285)
13 1 555 100 (869,508) (360,286) 1541 1 (348,283)
13 1 555 100 (869,508) (360,286) 1561 1 (341,281)
13 1 555 100 (869,508) (360,286) 1581 1 (339,280)
13 1 555 100 (869,508) (360,286) 1589 1 (336,280)
13 1 555 100 (869,508) (360,286) 1609 1 (329,277)
13 1 555 100 (869,508) (360,286) 1619 1 (324,275)
13 1 555 100 (869,508) (360,286) 1635 1 (318,274)
13 1 555 100 (869,508) (360,286) 1655 1 (313,272)
13 1 555 100 (869,508) (360,286) 1683 1 (305,269)
13 1 555 100 (869,508) (360,286) 1702 1 (305,269)
13 1 555 100 (869,508) (360,286) 1712 1 (305,269)
13 1 555 100 (869,508) (360,286) 1728 1 (305,269)
13 1 555 100 (869,508) (360,286) 1748 1 (305,269)
13 1 555 100 (869,508) (360,286) 1768 1 (305,269)
13 1 555 100 (869,508) (360,286) 1796 1 (308,269)
13 1 555 100 (869,508) (360,286) 1806 1 (311,269)
13 1 555 100 (869,508) (360,286) 1823 1 (316,272)
13 1 555 100 (869,508) (360,286) 1843 1 (345,285)
13 1 555 100 (869,508) (360,286) 1862 1 (368,296)
13 1 555 100 (869,508) (360,286) 1869 1 (368,296)
13 1 555 100 (869,508) (360,286) 1888 1 (376,299)
13 1 555 100 (869,508) (360,286) 1900 1 (378,299)
13 1 555 100 (869,508) (360,286) 1916 1 (379,299)
13 1 555 100 (869,508) (360,286) 1936 1 (379,299)
13 1 555 100 (869,508) (360,286) 1946 1 (379,299)
13 1 555 100 (869,508) (360,286) 1963 1 (379,299)
13 1 555 100 (869,508) (360,286) 1982 1 (379,299)
13 1 555 100 (869,508) (360,286) 2002 1 (379,299)
13 1 555 100 (869,508) (360,286) 2010 1 (379,299)
13 1 555 100 (869,508) (360,286) 2030 1 (379,299)
13 1 555 100 (869,508) (360,286) 2040 1 (379,299)
13 1 555 100 (869,508) (360,286) 2057 1 (379,299)
13 1 555 100 (869,508) (360,286) 2076 1 (379,299)
13 1 555 100 (869,508) (360,286) 2096 1 (379,299)
13 1 555 100 (869,508) (360,286) 2102 1 (379,299)
13 1 555 100 (869,508) (360,286) 2122 1 (379,299)
13 1 555 100 (869,508) (360,286) 2142 1 (379,299)
13 1 555 100 (869,508) (360,286) 2150 1 (379,299)
13 1 555 100 (869,508) (360,286) 2165 1 (379,299)
13 1 555 100 (869,508) (360,286) 2185 1 (379,299)
13 1 555 100 (869,508) (360,286) 2196 1 (379,299)
13 1 555 100 (869,508) (360,286) 2216 1 (379,299)
13 1 555 100 (869,508) (360,286) 2236 1 (379,299)
13 1 555 100 (869,508) (360,286) 2244 1 (379,299)
13 1 555 100 (869,508) (360,286) 2264 1 (379,299)
13 1 555 100 (869,508) (360,286) 2274 1 (379,299)
13 1 555 100 (869,508) (360,286) 2291 1 (379,299)
13 1 555 100 (869,508) (360,286) 2306 1 (379,299)
13 1 555 100 (869,508) (360,286) 2330 1 (379,299) ß-- cursor position when the target is clicked
13 2 444 100 (382,223) (743,483) 19 1 (378,227) ß-- cursor position when the start button is clicked.
13 2 444 100 (382,223) (743,483) 38 1 (378,227)
13 2 444 100 (382,223) (743,483) 46 1 (378,227)
13 2 444 100 (382,223) (743,483) 65 1 (378,227)
13 2 444 100 (382,223) (743,483) 85 1 (378,227)
13 2 444 100 (382,223) (743,483) 93 1 (378,227)
13 2 444 100 (382,223) (743,483) 129 1 (383,229)
13 2 444 100 (382,223) (743,483) 138 1 (389,231)
13 2 444 100 (382,223) (743,483) 158 1 (418,244)
13 2 444 100 (382,223) (743,483) 178 1 (441,255)
13 2 444 100 (382,223) (743,483) 186 1 (470,268)
13 2 444 100 (382,223) (743,483) 206 1 (529,300)
13 2 444 100 (382,223) (743,483) 233 1 (587,340)
13 2 444 100 (382,223) (743,483) 252 1 (613,357)
13 2 444 100 (382,223) (743,483) 272 1 (651,385)
13 2 444 100 (382,223) (743,483) 281 1 (666,397)
13 2 444 100 (382,223) (743,483) 294 1 (681,407)
13 2 444 100 (382,223) (743,483) 314 1 (697,421)
13 2 444 100 (382,223) (743,483) 327 1 (705,427)
13 2 444 100 (382,223) (743,483) 342 1 (712,434)
13 2 444 100 (382,223) (743,483) 361 1 (718,440)
13 2 444 100 (382,223) (743,483) 373 1 (718,440)
13 2 444 100 (382,223) (743,483) 393 1 (718,440)
13 2 444 100 (382,223) (743,483) 403 1 (718,440)
13 2 444 100 (382,223) (743,483) 419 1 (718,440)
13 2 444 100 (382,223) (743,483) 439 1 (718,440)
13 2 444 100 (382,223) (743,483) 451 1 (718,440)
13 2 444 100 (382,223) (743,483) 466 1 (718,440)
13 2 444 100 (382,223) (743,483) 486 1 (718,440)
13 2 444 100 (382,223) (743,483) 506 1 (718,440)
13 2 444 100 (382,223) (743,483) 514 1 (718,440)
13 2 444 100 (382,223) (743,483) 534 1 (718,440)
13 2 444 100 (382,223) (743,483) 544 1 (718,440)
13 2 444 100 (382,223) (743,483) 560 1 (718,440)
13 2 444 100 (382,223) (743,483) 579 1 (718,440)
13 2 444 100 (382,223) (743,483) 608 1 (723,446)
13 2 444 100 (382,223) (743,483) 627 1 (729,452)
13 2 444 100 (382,223) (743,483) 639 1 (737,460)
13 2 444 100 (382,223) (743,483) 654 1 (761,478)
13 2 444 100 (382,223) (743,483) 673 1 (770,485)
13 2 444 100 (382,223) (743,483) 693 1 (780,493)
13 2 444 100 (382,223) (743,483) 700 1 (780,493)
13 2 444 100 (382,223) (743,483) 720 1 (782,494)
13 2 444 100 (382,223) (743,483) 740 1 (783,495)
13 2 444 100 (382,223) (743,483) 749 1 (783,495)
13 2 444 100 (382,223) (743,483) 768 1 (783,495)
13 2 444 100 (382,223) (743,483) 778 1 (783,495)
13 2 444 100 (382,223) (743,483) 794 1 (783,495)
13 2 444 100 (382,223) (743,483) 814 1 (783,495)
13 2 444 100 (382,223) (743,483) 825 1 (783,495)
13 2 444 100 (382,223) (743,483) 841 1 (783,495)
13 2 444 100 (382,223) (743,483) 861 1 (783,495)
13 2 444 100 (382,223) (743,483) 871 1 (783,495)
13 2 444 100 (382,223) (743,483) 888 1 (783,495)
13 2 444 100 (382,223) (743,483) 908 1 (783,495)
13 2 444 100 (382,223) (743,483) 927 1 (783,495)
13 2 444 100 (382,223) (743,483) 935 1 (783,495)
13 2 444 100 (382,223) (743,483) 954 1 (783,495)
13 2 444 100 (382,223) (743,483) 965 1 (783,495)
13 2 444 100 (382,223) (743,483) 982 1 (783,495)
13 2 444 100 (382,223) (743,483) 1001 1 (783,495)
13 2 444 100 (382,223) (743,483) 1021 1 (783,495)
13 2 444 100 (382,223) (743,483) 1028 1 (783,495)
13 2 444 100 (382,223) (743,483) 1047 1 (783,495)
13 2 444 100 (382,223) (743,483) 1067 1 (783,495)
13 2 444 100 (382,223) (743,483) 1075 1 (783,495)
13 2 444 100 (382,223) (743,483) 1095 1 (783,495)
13 2 444 100 (382,223) (743,483) 1105 1 (783,495)
13 2 444 100 (382,223) (743,483) 1122 1 (783,495)
13 2 444 100 (382,223) (743,483) 1138 1 (783,495) ß-- cursor position when the target is clicked
13 3 444 200 (341,199) (718,434) 4 1 (346,197) ß-- cursor position when the start button is clicked.
13 3 444 200 (341,199) (718,434) 23 1 (346,197)
13 3 444 200 (341,199) (718,434) 43 1 (346,197)
13 3 444 200 (341,199) (718,434) 52 1 (346,197)
13 3 444 200 (341,199) (718,434) 71 1 (346,197)
13 3 444 200 (341,199) (718,434) 82 1 (346,197)
13 3 444 200 (341,199) (718,434) 98 1 (346,197)
13 3 444 200 (341,199) (718,434) 112 1 (346,197)
13 3 444 200 (341,199) (718,434) 132 1 (350,199)
13 3 444 200 (341,199) (718,434) 156 1 (368,209)
13 3 444 200 (341,199) (718,434) 159 1 (368,209)
13 3 444 200 (341,199) (718,434) 180 1 (411,229)
13 3 444 200 (341,199) (718,434) 211 1 (471,253)
13 3 444 200 (341,199) (718,434) 221 1 (503,271)
13 3 444 200 (341,199) (718,434) 237 1 (536,288)
13 3 444 200 (341,199) (718,434) 257 1 (590,317)
13 3 444 200 (341,199) (718,434) 278 1 (629,341)
13 3 444 200 (341,199) (718,434) 285 1 (629,341)
13 3 444 200 (341,199) (718,434) 305 1 (657,357)
13 3 444 200 (341,199) (718,434) 315 1 (666,362)
13 3 444 200 (341,199) (718,434) 331 1 (673,365)
13 3 444 200 (341,199) (718,434) 350 1 (680,368)
13 3 444 200 (341,199) (718,434) 370 1 (682,369)
13 3 444 200 (341,199) (718,434) 377 1 (683,369)
13 3 444 200 (341,199) (718,434) 408 1 (684,370)
13 3 444 200 (341,199) (718,434) 424 1 (685,371)
13 3 444 200 (341,199) (718,434) 444 1 (685,371)
13 3 444 200 (341,199) (718,434) 464 1 (686,371)
13 3 444 200 (341,199) (718,434) 471 1 (686,371)
13 3 444 200 (341,199) (718,434) 491 1 (686,371)
13 3 444 200 (341,199) (718,434) 520 1 (694,374)
13 3 444 200 (341,199) (718,434) 538 1 (697,376)
13 3 444 200 (341,199) (718,434) 558 1 (699,379)
13 3 444 200 (341,199) (718,434) 564 1 (699,379)
13 3 444 200 (341,199) (718,434) 584 1 (699,379)
13 3 444 200 (341,199) (718,434) 604 1 (699,379)
13 3 444 200 (341,199) (718,434) 613 1 (699,379)
13 3 444 200 (341,199) (718,434) 632 1 (699,379)
13 3 444 200 (341,199) (718,434) 642 1 (699,379)
13 3 444 200 (341,199) (718,434) 659 1 (699,379)
13 3 444 200 (341,199) (718,434) 674 1 (699,379)
13 3 444 200 (341,199) (718,434) 694 1 (699,379)
13 3 444 200 (341,199) (718,434) 705 1 (699,379)
13 3 444 200 (341,199) (718,434) 725 1 (699,379)
13 3 444 200 (341,199) (718,434) 736 1 (699,379)
13 3 444 200 (341,199) (718,434) 752 1 (699,379)
13 3 444 200 (341,199) (718,434) 774 1 (699,379)
13 3 444 200 (341,199) (718,434) 792 1 (699,379)
13 3 444 200 (341,199) (718,434) 798 1 (699,379)
13 3 444 200 (341,199) (718,434) 818 1 (699,379)
13 3 444 200 (341,199) (718,434) 838 1 (699,379)
13 3 444 200 (341,199) (718,434) 847 1 (699,379)
13 3 444 200 (341,199) (718,434) 867 1 (699,379)
13 3 444 200 (341,199) (718,434) 876 1 (699,379)
13 3 444 200 (341,199) (718,434) 892 1 (699,379)
13 3 444 200 (341,199) (718,434) 912 1 (699,379)
13 3 444 200 (341,199) (718,434) 932 1 (699,379)
13 3 444 200 (341,199) (718,434) 939 1 (699,379)
13 3 444 200 (341,199) (718,434) 942 1 (699,379) ß-- cursor position when the target is clicked
13 4 555 200 (738,431) (194,322) 5 1 (741,429) ß-- cursor position when the start button is clicked.
13 4 555 200 (738,431) (194,322) 19 1 (741,429)
13 4 555 200 (738,431) (194,322) 40 1 (741,429)
13 4 555 200 (738,431) (194,322) 53 1 (740,429)
13 4 555 200 (738,431) (194,322) 71 1 (727,425)
13 4 555 200 (738,431) (194,322) 81 1 (727,425)
13 4 555 200 (738,431) (194,322) 97 1 (684,416)
13 4 555 200 (738,431) (194,322) 113 1 (653,409)
13 4 555 200 (738,431) (194,322) 128 1 (615,402)
13 4 555 200 (738,431) (194,322) 144 1 (544,391)
13 4 555 200 (738,431) (194,322) 164 1 (508,385)
13 4 555 200 (738,431) (194,322) 184 1 (441,374)
13 4 555 200 (738,431) (194,322) 190 1 (441,374)
13 4 555 200 (738,431) (194,322) 210 1 (386,366)
13 4 555 200 (738,431) (194,322) 230 1 (346,360)
13 4 555 200 (738,431) (194,322) 239 1 (346,360)
13 4 555 200 (738,431) (194,322) 258 1 (326,357)
13 4 555 200 (738,431) (194,322) 268 1 (319,356)
13 4 555 200 (738,431) (194,322) 285 1 (315,356)
13 4 555 200 (738,431) (194,322) 304 1 (307,354)
13 4 555 200 (738,431) (194,322) 333 1 (301,353)
13 4 555 200 (738,431) (194,322) 348 1 (299,353)
13 4 555 200 (738,431) (194,322) 363 1 (293,353)
13 4 555 200 (738,431) (194,322) 378 1 (288,352)
13 4 555 200 (738,431) (194,322) 398 1 (277,350)
13 4 555 200 (738,431) (194,322) 425 1 (268,348)
13 4 555 200 (738,431) (194,322) 440 1 (266,347)
13 4 555 200 (738,431) (194,322) 460 1 (265,346)
13 4 555 200 (738,431) (194,322) 471 1 (265,346)
13 4 555 200 (738,431) (194,322) 491 1 (265,346)
13 4 555 200 (738,431) (194,322) 511 1 (265,346)
13 4 555 200 (738,431) (194,322) 520 1 (265,346)
13 4 555 200 (738,431) (194,322) 540 1 (265,346)
13 4 555 200 (738,431) (194,322) 549 1 (265,346)
13 4 555 200 (738,431) (194,322) 565 1 (265,346)
13 4 555 200 (738,431) (194,322) 585 1 (265,346)
13 4 555 200 (738,431) (194,322) 605 1 (265,346)
13 4 555 200 (738,431) (194,322) 612 1 (265,346)
13 4 555 200 (738,431) (194,322) 632 1 (265,346)
13 4 555 200 (738,431) (194,322) 652 1 (265,346)
13 4 555 200 (738,431) (194,322) 658 1 (265,346)
13 4 555 200 (738,431) (194,322) 678 1 (265,346)
13 4 555 200 (738,431) (194,322) 698 1 (265,346)
13 4 555 200 (738,431) (194,322) 706 1 (265,346)
13 4 555 200 (738,431) (194,322) 726 1 (265,346)
13 4 555 200 (738,431) (194,322) 736 1 (265,346)
13 4 555 200 (738,431) (194,322) 752 1 (265,346)
13 4 555 200 (738,431) (194,322) 772 1 (265,346)
13 4 555 200 (738,431) (194,322) 792 1 (265,346)
13 4 555 200 (738,431) (194,322) 801 1 (265,346)
13 4 555 200 (738,431) (194,322) 815 1 (265,346)
13 4 555 200 (738,431) (194,322) 834 1 (265,346)
13 4 555 200 (738,431) (194,322) 846 1 (265,346)
13 4 555 200 (738,431) (194,322) 866 1 (265,346)
13 4 555 200 (738,431) (194,322) 872 1 (265,346) ß-- cursor position when the target is clicked
13 5 555 200 (888,519) (386,281) 14 1 (880,508) ß-- cursor position when the start button is clicked.
13 5 555 200 (888,519) (386,281) 26 1 (880,508)
13 5 555 200 (888,519) (386,281) 42 1 (880,508)
13 5 555 200 (888,519) (386,281) 62 1 (880,508)
13 5 555 200 (888,519) (386,281) 72 1 (880,508)
13 5 555 200 (888,519) (386,281) 89 1 (880,508)
13 5 555 200 (888,519) (386,281) 103 1 (864,497)
13 5 555 200 (888,519) (386,281) 123 1 (806,470)
13 5 555 200 (888,519) (386,281) 135 1 (775,455)
13 5 555 200 (888,519) (386,281) 154 1 (748,442)
13 5 555 200 (888,519) (386,281) 174 1 (692,419)
13 5 555 200 (888,519) (386,281) 182 1 (666,410)
13 5 555 200 (888,519) (386,281) 202 1 (644,401)
13 5 555 200 (888,519) (386,281) 212 1 (627,393)
13 5 555 200 (888,519) (386,281) 244 1 (595,380)
13 5 555 200 (888,519) (386,281) 296 1 (567,370)
13 5 555 200 (888,519) (386,281) 306 1 (559,366)
13 5 555 200 (888,519) (386,281) 322 1 (550,363)
13 5 555 200 (888,519) (386,281) 342 1 (535,356)
13 5 555 200 (888,519) (386,281) 364 1 (516,348)
13 5 555 200 (888,519) (386,281) 368 1 (516,348)
13 5 555 200 (888,519) (386,281) 388 1 (498,340)
13 5 555 200 (888,519) (386,281) 408 1 (490,336)
13 5 555 200 (888,519) (386,281) 417 1 (482,333)
13 5 555 200 (888,519) (386,281) 436 1 (469,329)
13 5 555 200 (888,519) (386,281) 446 1 (469,329)
13 5 555 200 (888,519) (386,281) 462 1 (459,326)
13 5 555 200 (888,519) (386,281) 502 1 (451,323)
13 5 555 200 (888,519) (386,281) 510 1 (450,322)
13 5 555 200 (888,519) (386,281) 530 1 (449,322)
13 5 555 200 (888,519) (386,281) 540 1 (448,322)
13 5 555 200 (888,519) (386,281) 556 1 (447,322)
13 5 555 200 (888,519) (386,281) 576 1 (446,322)
13 5 555 200 (888,519) (386,281) 596 1 (446,322)
13 5 555 200 (888,519) (386,281) 603 1 (446,322)
13 5 555 200 (888,519) (386,281) 618 1 (446,322)
13 5 555 200 (888,519) (386,281) 635 1 (446,322)
13 5 555 200 (888,519) (386,281) 651 1 (446,322)
13 5 555 200 (888,519) (386,281) 670 1 (446,322)
13 5 555 200 (888,519) (386,281) 680 1 (446,322)
13 5 555 200 (888,519) (386,281) 696 1 (446,322)
13 5 555 200 (888,519) (386,281) 716 1 (446,322)
13 5 555 200 (888,519) (386,281) 737 1 (446,322)
13 5 555 200 (888,519) (386,281) 744 1 (446,322)
13 5 555 200 (888,519) (386,281) 764 1 (446,322)
13 5 555 200 (888,519) (386,281) 775 1 (446,322)
13 5 555 200 (888,519) (386,281) 790 1 (446,322)
13 5 555 200 (888,519) (386,281) 810 1 (446,322)
13 5 555 200 (888,519) (386,281) 830 1 (446,322)
13 5 555 200 (888,519) (386,281) 839 1 (446,322)
13 5 555 200 (888,519) (386,281) 856 1 (446,322)
13 5 555 200 (888,519) (386,281) 876 1 (446,322)
13 5 555 200 (888,519) (386,281) 883 1 (446,322)
13 5 555 200 (888,519) (386,281) 903 1 (446,322)
13 5 555 200 (888,519) (386,281) 923 1 (446,322)
13 5 555 200 (888,519) (386,281) 931 1 (446,322)
13 5 555 200 (888,519) (386,281) 951 1 (446,322)
13 5 555 200 (888,519) (386,281) 957 1 (446,322) ß-- cursor position when the target is clicked
13 6 555 100 (609,356) (77,195) 13 1 (607,348) ß-- cursor position when the start button is clicked.
13 6 555 100 (609,356) (77,195) 20 1 (607,348)
13 6 555 100 (609,356) (77,195) 34 1 (607,348)
13 6 555 100 (609,356) (77,195) 53 1 (607,348)
13 6 555 100 (609,356) (77,195) 65 1 (607,348)
13 6 555 100 (609,356) (77,195) 85 1 (607,348)
13 6 555 100 (609,356) (77,195) 105 1 (607,348)
13 6 555 100 (609,356) (77,195) 111 1 (607,348)
13 6 555 100 (609,356) (77,195) 132 1 (607,348)
13 6 555 100 (609,356) (77,195) 159 1 (599,347)
13 6 555 100 (609,356) (77,195) 174 1 (589,344)
13 6 555 100 (609,356) (77,195) 194 1 (535,318)
13 6 555 100 (609,356) (77,195) 207 1 (499,301)
13 6 555 100 (609,356) (77,195) 221 1 (462,285)
13 6 555 100 (609,356) (77,195) 241 1 (374,243)
13 6 555 100 (609,356) (77,195) 272 1 (287,212)
13 6 555 100 (609,356) (77,195) 292 1 (213,185)
13 6 555 100 (609,356) (77,195) 320 1 (161,167)
13 6 555 100 (609,356) (77,195) 330 1 (144,162)
13 6 555 100 (609,356) (77,195) 346 1 (134,158)
13 6 555 100 (609,356) (77,195) 362 1 (124,154)
13 6 555 100 (609,356) (77,195) 383 1 (121,154)
13 6 555 100 (609,356) (77,195) 394 1 (120,153)
13 6 555 100 (609,356) (77,195) 413 1 (119,153)
13 6 555 100 (609,356) (77,195) 424 1 (119,153)
13 6 555 100 (609,356) (77,195) 439 1 (119,153)
13 6 555 100 (609,356) (77,195) 459 1 (119,153)
13 6 555 100 (609,356) (77,195) 479 1 (119,153)
13 6 555 100 (609,356) (77,195) 487 1 (119,153)
13 6 555 100 (609,356) (77,195) 507 1 (119,153)
13 6 555 100 (609,356) (77,195) 527 1 (119,153)
13 6 555 100 (609,356) (77,195) 535 1 (119,153)
13 6 555 100 (609,356) (77,195) 564 1 (119,154)
13 6 555 100 (609,356) (77,195) 599 1 (119,155)
13 6 555 100 (609,356) (77,195) 619 1 (119,155)
13 6 555 100 (609,356) (77,195) 628 1 (119,155)
13 6 555 100 (609,356) (77,195) 647 1 (119,155)
13 6 555 100 (609,356) (77,195) 657 1 (119,155)
13 6 555 100 (609,356) (77,195) 673 1 (119,155)
13 6 555 100 (609,356) (77,195) 693 1 (119,155)
13 6 555 100 (609,356) (77,195) 713 1 (119,155)
13 6 555 100 (609,356) (77,195) 720 1 (119,155)
13 6 555 100 (609,356) (77,195) 740 1 (119,155)
13 6 555 100 (609,356) (77,195) 761 1 (119,155)
13 6 555 100 (609,356) (77,195) 769 1 (119,155)
13 6 555 100 (609,356) (77,195) 788 1 (119,155)
13 6 555 100 (609,356) (77,195) 798 1 (119,155)
13 6 555 100 (609,356) (77,195) 814 1 (119,155)
13 6 555 100 (609,356) (77,195) 834 1 (119,155)
13 6 555 100 (609,356) (77,195) 854 1 (119,155)
13 6 555 100 (609,356) (77,195) 860 1 (119,155)
13 6 555 100 (609,356) (77,195) 880 1 (119,155)
13 6 555 100 (609,356) (77,195) 900 1 (119,155)
13 6 555 100 (609,356) (77,195) 907 1 (119,155)
13 6 555 100 (609,356) (77,195) 927 1 (119,155)
13 6 555 100 (609,356) (77,195) 947 1 (119,155)
13 6 555 100 (609,356) (77,195) 960 1 (119,155)
13 6 555 100 (609,356) (77,195) 974 1 (119,155)
13 6 555 100 (609,356) (77,195) 994 1 (119,155)
13 6 555 100 (609,356) (77,195) 1001 1 (119,155)
13 6 555 100 (609,356) (77,195) 1021 1 (119,155)
13 6 555 100 (609,356) (77,195) 1041 1 (119,155)
13 6 555 100 (609,356) (77,195) 1047 1 (119,155)
13 6 555 100 (609,356) (77,195) 1067 1 (119,155)
13 6 555 100 (609,356) (77,195) 1077 1 (119,155) ß-- cursor position when the target is clicked
13 7 444 100 (543,317) (107,235) 13 1 (547,316) ß-- cursor position when the start button is clicked.
13 7 444 100 (543,317) (107,235) 32 1 (547,316)
13 7 444 100 (543,317) (107,235) 40 1 (547,316)
13 7 444 100 (543,317) (107,235) 60 1 (547,316)
13 7 444 100 (543,317) (107,235) 70 1 (547,316)
13 7 444 100 (543,317) (107,235) 86 1 (547,316)
13 7 444 100 (543,317) (107,235) 105 1 (547,316)
13 7 444 100 (543,317) (107,235) 125 1 (547,316)
13 7 444 100 (543,317) (107,235) 133 1 (547,316)
13 7 444 100 (543,317) (107,235) 148 1 (547,316)
13 7 444 100 (543,317) (107,235) 168 1 (547,316)
13 7 444 100 (543,317) (107,235) 181 1 (547,316)
13 7 444 100 (543,317) (107,235) 200 1 (547,316)
13 7 444 100 (543,317) (107,235) 211 1 (547,316)
13 7 444 100 (543,317) (107,235) 226 1 (547,316)
13 7 444 100 (543,317) (107,235) 246 1 (545,310)
13 7 444 100 (543,317) (107,235) 275 1 (542,303)
13 7 444 100 (543,317) (107,235) 292 1 (536,297)
13 7 444 100 (543,317) (107,235) 312 1 (533,293)
13 7 444 100 (543,317) (107,235) 320 1 (529,290)
13 7 444 100 (543,317) (107,235) 340 1 (518,279)
13 7 444 100 (543,317) (107,235) 351 1 (513,275)
13 7 444 100 (543,317) (107,235) 367 1 (508,271)
13 7 444 100 (543,317) (107,235) 389 1 (498,265)
13 7 444 100 (543,317) (107,235) 397 1 (498,265)
13 7 444 100 (543,317) (107,235) 414 1 (485,259)
13 7 444 100 (543,317) (107,235) 433 1 (480,256)
13 7 444 100 (543,317) (107,235) 453 1 (470,249)
13 7 444 100 (543,317) (107,235) 461 1 (464,246)
13 7 444 100 (543,317) (107,235) 480 1 (458,244)
13 7 444 100 (543,317) (107,235) 500 1 (445,238)
13 7 444 100 (543,317) (107,235) 528 1 (429,234)
13 7 444 100 (543,317) (107,235) 538 1 (416,231)
13 7 444 100 (543,317) (107,235) 554 1 (404,229)
13 7 444 100 (543,317) (107,235) 574 1 (381,226)
13 7 444 100 (543,317) (107,235) 585 1 (369,225)
13 7 444 100 (543,317) (107,235) 601 1 (358,225)
13 7 444 100 (543,317) (107,235) 621 1 (336,224)
13 7 444 100 (543,317) (107,235) 631 1 (324,224)
13 7 444 100 (543,317) (107,235) 647 1 (314,223)
13 7 444 100 (543,317) (107,235) 667 1 (301,223)
13 7 444 100 (543,317) (107,235) 687 1 (299,223)
13 7 444 100 (543,317) (107,235) 695 1 (299,223)
13 7 444 100 (543,317) (107,235) 710 1 (299,223)
13 7 444 100 (543,317) (107,235) 730 1 (299,223)
13 7 444 100 (543,317) (107,235) 742 1 (299,223)
13 7 444 100 (543,317) (107,235) 762 1 (299,223)
13 7 444 100 (543,317) (107,235) 773 1 (299,223)
13 7 444 100 (543,317) (107,235) 789 1 (299,223)
13 7 444 100 (543,317) (107,235) 808 1 (299,223)
13 7 444 100 (543,317) (107,235) 828 1 (299,223)
13 7 444 100 (543,317) (107,235) 835 1 (299,223)
13 7 444 100 (543,317) (107,235) 854 1 (299,223)
13 7 444 100 (543,317) (107,235) 865 1 (299,223)
13 7 444 100 (543,317) (107,235) 882 1 (299,223)
13 7 444 100 (543,317) (107,235) 901 1 (299,223)
13 7 444 100 (543,317) (107,235) 921 1 (299,223)
13 7 444 100 (543,317) (107,235) 928 1 (299,223)
13 7 444 100 (543,317) (107,235) 943 1 (295,222)
13 7 444 100 (543,317) (107,235) 963 1 (279,220)
13 7 444 100 (543,317) (107,235) 975 1 (267,220)
13 7 444 100 (543,317) (107,235) 995 1 (246,219)
13 7 444 100 (543,317) (107,235) 1015 1 (236,219)
13 7 444 100 (543,317) (107,235) 1022 1 (227,219)
13 7 444 100 (543,317) (107,235) 1043 1 (211,219)
13 7 444 100 (543,317) (107,235) 1061 1 (206,219)
13 7 444 100 (543,317) (107,235) 1070 1 (200,219)
13 7 444 100 (543,317) (107,235) 1090 1 (191,219)
13 7 444 100 (543,317) (107,235) 1099 1 (191,219)
13 7 444 100 (543,317) (107,235) 1115 1 (182,219)
13 7 444 100 (543,317) (107,235) 1131 1 (178,219)
13 7 444 100 (543,317) (107,235) 1151 1 (169,219)
13 7 444 100 (543,317) (107,235) 1163 1 (166,219)
13 7 444 100 (543,317) (107,235) 1182 1 (163,219)
13 7 444 100 (543,317) (107,235) 1202 1 (157,219)
13 7 444 100 (543,317) (107,235) 1213 1 (153,219)
13 7 444 100 (543,317) (107,235) 1225 1 (151,219)
13 7 444 100 (543,317) (107,235) 1244 1 (148,219)
13 7 444 100 (543,317) (107,235) 1257 1 (145,219)
13 7 444 100 (543,317) (107,235) 1275 1 (141,220)
13 7 444 100 (543,317) (107,235) 1302 1 (137,221)
13 7 444 100 (543,317) (107,235) 1322 1 (133,222)
13 7 444 100 (543,317) (107,235) 1334 1 (132,222)
13 7 444 100 (543,317) (107,235) 1350 1 (131,222)
13 7 444 100 (543,317) (107,235) 1370 1 (130,222)
13 7 444 100 (543,317) (107,235) 1380 1 (130,222)
13 7 444 100 (543,317) (107,235) 1397 1 (130,222)
13 7 444 100 (543,317) (107,235) 1411 1 (130,222)
13 7 444 100 (543,317) (107,235) 1431 1 (130,222)
13 7 444 100 (543,317) (107,235) 1444 1 (130,222)
13 7 444 100 (543,317) (107,235) 1463 1 (130,222)
13 7 444 100 (543,317) (107,235) 1483 1 (130,222)
13 7 444 100 (543,317) (107,235) 1489 1 (130,222)
13 7 444 100 (543,317) (107,235) 1509 1 (130,222)
13 7 444 100 (543,317) (107,235) 1529 1 (130,222)
13 7 444 100 (543,317) (107,235) 1537 1 (130,222)
13 7 444 100 (543,317) (107,235) 1557 1 (130,222)
13 7 444 100 (543,317) (107,235) 1567 1 (130,222)
13 7 444 100 (543,317) (107,235) 1584 1 (130,222)
13 7 444 100 (543,317) (107,235) 1603 1 (130,222)
13 7 444 100 (543,317) (107,235) 1623 1 (130,222)
13 7 444 100 (543,317) (107,235) 1630 1 (130,222)
13 7 444 100 (543,317) (107,235) 1651 1 (130,222)
13 7 444 100 (543,317) (107,235) 1665 1 (130,222)
13 7 444 100 (543,317) (107,235) 1677 1 (130,222)
13 7 444 100 (543,317) (107,235) 1697 1 (130,222)
13 7 444 100 (543,317) (107,235) 1717 1 (130,222)
13 7 444 100 (543,317) (107,235) 1723 1 (130,222)
13 7 444 100 (543,317) (107,235) 1743 1 (130,222)
13 7 444 100 (543,317) (107,235) 1763 1 (130,222)
13 7 444 100 (543,317) (107,235) 1769 1 (130,222) ß-- cursor position when the target is clicked
13 8 444 200 (555,325) (126,212) 22 1 (568,313) ß-- cursor position when the start button is clicked.
13 8 444 200 (555,325) (126,212) 41 1 (568,313)
13 8 444 200 (555,325) (126,212) 50 1 (568,313)
13 8 444 200 (555,325) (126,212) 69 1 (568,313)
13 8 444 200 (555,325) (126,212) 79 1 (568,313)
13 8 444 200 (555,325) (126,212) 95 1 (568,313)
13 8 444 200 (555,325) (126,212) 110 1 (568,313)
13 8 444 200 (555,325) (126,212) 130 1 (566,313)
13 8 444 200 (555,325) (126,212) 143 1 (560,311)
13 8 444 200 (555,325) (126,212) 162 1 (526,294)
13 8 444 200 (555,325) (126,212) 182 1 (472,272)
13 8 444 200 (555,325) (126,212) 188 1 (472,272)
13 8 444 200 (555,325) (126,212) 208 1 (409,258)
13 8 444 200 (555,325) (126,212) 228 1 (380,252)
13 8 444 200 (555,325) (126,212) 236 1 (349,246)
13 8 444 200 (555,325) (126,212) 252 1 (321,240)
13 8 444 200 (555,325) (126,212) 271 1 (270,229)
13 8 444 200 (555,325) (126,212) 283 1 (249,226)
13 8 444 200 (555,325) (126,212) 299 1 (232,224)
13 8 444 200 (555,325) (126,212) 329 1 (202,219)
13 8 444 200 (555,325) (126,212) 349 1 (196,217)
13 8 444 200 (555,325) (126,212) 369 1 (186,215)
13 8 444 200 (555,325) (126,212) 376 1 (181,214)
13 8 444 200 (555,325) (126,212) 393 1 (177,213)
13 8 444 200 (555,325) (126,212) 414 1 (168,210)
13 8 444 200 (555,325) (126,212) 423 1 (164,210)
13 8 444 200 (555,325) (126,212) 443 1 (162,209)
13 8 444 200 (555,325) (126,212) 453 1 (162,209)
13 8 444 200 (555,325) (126,212) 469 1 (162,209)
13 8 444 200 (555,325) (126,212) 489 1 (162,209)
13 8 444 200 (555,325) (126,212) 501 1 (162,209)
13 8 444 200 (555,325) (126,212) 518 1 (162,209)
13 8 444 200 (555,325) (126,212) 537 1 (162,209)
13 8 444 200 (555,325) (126,212) 547 1 (162,209)
13 8 444 200 (555,325) (126,212) 564 1 (162,209)
13 8 444 200 (555,325) (126,212) 583 1 (162,209)
13 8 444 200 (555,325) (126,212) 603 1 (162,209)
13 8 444 200 (555,325) (126,212) 609 1 (162,209)
13 8 444 200 (555,325) (126,212) 629 1 (162,209)
13 8 444 200 (555,325) (126,212) 649 1 (162,209)
13 8 444 200 (555,325) (126,212) 656 1 (162,209)
13 8 444 200 (555,325) (126,212) 676 1 (162,209)
13 8 444 200 (555,325) (126,212) 696 1 (162,209)
13 8 444 200 (555,325) (126,212) 703 1 (162,209)
13 8 444 200 (555,325) (126,212) 723 1 (162,209)
13 8 444 200 (555,325) (126,212) 743 1 (162,209)
13 8 444 200 (555,325) (126,212) 752 1 (162,209)
13 8 444 200 (555,325) (126,212) 771 1 (162,209)
13 8 444 200 (555,325) (126,212) 781 1 (162,209)
13 8 444 200 (555,325) (126,212) 798 1 (162,209)
13 8 444 200 (555,325) (126,212) 817 1 (162,209)
13 8 444 200 (555,325) (126,212) 824 1 (162,209) ß-- cursor position when the target is clicked
